image: mapfff.pgm
resolution: 0.300000
origin: [-12.500000, -3.500000, 0.000000]
negate: 0
occupied_thresh: 0.65
free_thresh: 0.196

