image: map1_gs.png
resolution: 0.050000
origin: [-12.91742, -30.83386, 0]
negate: 0
occupied_thresh: 0.65
free_thresh: 0.196

