image: map2_gs.png
resolution: 0.050000
origin: [-27.7781867981, -33.753309021, 0.000000]
negate: 0
occupied_thresh: 0.65
free_thresh: 0.196

